# mmdd,TotalPositive,Active,Discharged,Deceased
# numbers taken are from the last report of the day
0,1,1,0,0,2020,03,24
0,1,1,0,0,2020,03,25
0,1,1,0,0,2020,03,26
0,1,1,0,0,2020,03,27
0,1,1,0,0,2020,03,28
0,1,1,0,0,2020,03,29
0,1,1,0,0,2020,03,30
0,1,0,1,0,2020,03,31
2,3,2,1,0,2020,04,01
17,20,19,1,0,2020,04,02
12,32,31,1,0,2020,04,03
0,32,32,0,0,2020,04,04
2,34,34,0,0,2020,04,05
8,42,41,1,0,2020,04,06
1,43,42,1,0,2020,04,07
5,48,47,1,0,2020,04,08
0,48,47,1,0,2020,04,09
0,48,47,1,0,2020,04,10
0,48,47,1,0,2020,04,11
4,52,51,1,0,2020,04,12
4,56,55,1,0,2020,04,13
0,56,54,1,1,2020,04,14
2,58,55,1,2,2020,04,15
0,58,55,1,2,2020,04,16
6,64,61,1,2,2020,04,17
3,67,64,1,2,2020,04,18
0,67,65,1,2,2020,04,19
0,67,65,1,2,2020,04,20
0,67,64,2,2,2020,04,21
0,67,60,6,2,2020,04,22
0,67,60,6,2,2020,04,23
1,68,61,6,2,2020,04,24
4,72,63,8,2,2020,04,25
0,72,47,23,2,2020,04,26
7,79,54,23,2,2020,04,27
3,82,56,24,2,2020,04,28
0,82,53,27,2,2020,04,29
2,84,55,27,2,2020,04,30
0,84,38,43,3,2020,05,01
6,90,43,44,3,2020,05,02
1,91,44,44,3,2020,05,03
0,91,38,50,3,2020,05,04
1,92,33,56,3,2020,05,05
0,92,33,56,3,2020,05,06
4,96,34,59,3,2020,05,07
0,96,33,60,3,2020,05,08
0,96,32,61,3,2020,05,09
5,101,36,62,3,2020,05,10
1,102,23,76,3,2020,05,11
9,111,32,76,3,2020,05,12
0,111,31,77,3,2020,05,13
15,126,45,78,3,2020,05,14
14,140,56,81,3,2020,05,15
9,149,65,81,3,2020,05,16
1,150,53,94,3,2020,05,17
7,157,60,94,3,2020,05,18
6,459,213,242,4,2020,06,20
12,471,224,243,4,2020,06,21
6,477,224,249,4,2020,06,22
7,484,198,282,4,2020,06,23
9,493,194,295,4,2020,06,24
29,522,212,306,4,2020,06,25
15,537,227,306,4,2020,06,26
24,561,230,327,4,2020,06,27
18,579,248,327,4,2020,06,28
24,603,249,348,6,2020,06,29
5,608,235,367,6,2020,06,30
33,641,268,367,6,2020,07,01
2,643,270,367,6,2020,07,02
15,658,278,374,6,2020,07,03
27,685,305,374,6,2020,07,04
45,730,342,382,6,2020,07,05
41,771,383,382,6,2020,07,06
39,810,401,403,6,2020,07,07
63,873,456,411,6,2020,07,08
31,904,465,433,6,2020,07,09
51,955,407,541,7,2020,07,10
76,1031,450,572,9,2020,07,11
124,1155,516,629,10,2020,07,12
99,1254,613,629,12,2020,07,13
165,1419,758,649,12,2020,07,14
45,1464,744,707,13,2020,07,15
126,1590,810,764,16,2020,07,16
127,1717,923,776,18,2020,07,17
278,1995,1186,788,21,2020,07,18
391,2386,1563,802,21,2020,07,19
100,2486,1507,958,21,2020,07,20
197,2683,1674,988,21,2020,07,21
327,3010,2000,988,22,2020,07,22
438,3448,1512,1914,22,2020,07,23
278,3726,1790,1914,22,2020,07,24
299,4025,2088,1914,23,2020,07,25
329,4354,2412,1914,28,2020,07,26
422,4776,2834,1914,28,2020,07,27
369,5145,3199,1914,32,2020,07,28
608,5753,3802,1914,37,2020,07,29
702,6455,4338,2079,38,2020,07,30
861,7316,5080,2194,42,2020,07,31
559,7875,5196,2635,44,2020,08,01
448,8323,5040,3233,50,2020,08,02
500,8823,5235,3531,57,2020,08,03
557,9380,5319,3997,64,2020,08,04
537,9917,5537,4312,68,2020,08,05
941,11646,5786,5777,83,2020,08,07
878,12524,6251,6182,91,2020,08,08
696,13220,6601,6524,95,2020,08,09
511,13731,6701,6930,100,2020,08,10
364,14095,6435,7555,105,2020,08,11
723,14818,6315,8388,115,2020,08,12
682,15500,5564,9815,121,2020,08,13
669,16169,5317,10721,131,2020,08,14
572,16741,5247,11357,137,2020,08,15
423,17164,5096,11922,146,2020,08,16
481,17645,5163,12334,148,2020,08,17
684,18329,5201,12973,155,2020,08,18
755,19084,5489,13425,170,2020,08,19
588,19672,5012,14481,179,2020,08,20
761,20433,4753,15489,191,2020,08,21
943,21376,4679,16496,201,2020,08,22
985,22361,4816,17328,217,2020,08,23
965,23326,5161,17938,227,2020,08,24
949,24275,5355,18687,233,2020,08,25
1168,25443,5861,19344,238,2020,08,26
934,26377,5919,20209,249,2020,08,27
1151,27528,6170,21101,257,2020,08,28
1038,28566,6263,22035,268,2020,08,29
1028,29594,6449,22863,282,2020,08,30
1086,30680,6653,23733,294,2020,08,31
1059,31739,6877,24562,300,2020,09,01
942,32681,6796,25574,311,2020,09,02
982,33663,6722,26624,317,2020,09,03
1270,34933,6846,27762,325,2020,09,04
1046,35979,6644,28997,338,2020,09,05
1299,37278,6673,30263,342,2020,09,06
949,38227,6380,31500,347,2020,09,07
1042,39269,6232,32684,353,2020,09,08
949,40218,6063,33795,360,2020,09,09
823,41041,5872,34800,369,2020,09,10
778,41819,5469,35973,377,2020,09,11
711,42530,5237,36909,384,2020,09,12
844,43374,5077,37906,391,2020,09,13
756,44130,4698,39038,394,2020,09,14
820,44950,4523,40029,398,2020,09,15
562,45512,4124,40983,405,2020,09,16
610,46122,3902,41809,411,2020,09,17
468,46590,3411,42763,416,2020,09,18
693,47283,3300,43563,420,2020,09,19
444,47727,2963,44342,422,2020,09,20
401,48128,2757,44945,426,2020,09,21
556,48684,2690,45565,429,2020,09,22
479,49163,2519,46212,432,2020,09,23
405,49568,2542,46593,433,2020,09,24
459,50027,2495,47096,436,2020,09,25
466,50493,2481,47573,439,2020,09,26
506,50999,2339,48218,442,2020,09,27
489,51488,2383,48662,443,2020,09,28
432,51920,2238,49237,445,2020,09,29
415,52335,2294,49595,446,2020,09,30
472,52807,2463,49897,447,2020,10,01
486,53293,2503,50343,447,2020,10,02
558,53851,2652,50749,450,2020,10,03
413,54264,2671,51139,454,2020,10,04
365,54629,2535,51638,456,2020,10,05
451,55080,2429,52193,458,2020,10,06
367,55447,2275,52711,461,2020,10,07
311,55758,2129,53164,465,2020,10,08
310,56068,1977,53623,468,2020,10,09
322,56390,1887,54032,471,2020,10,10
288,56678,1695,54512,471,2020,10,11
166,56844,1448,54924,472,2020,10,12
228,57072,1415,55183,474,2020,10,13
219,57291,1342,55475,474,2020,10,14
178,57469,1243,55752,474,2020,10,15
220,57689,1241,55973,475,2020,10,16
240,57929,1250,56203,476,2020,10,17
196,58125,1182,56465,478,2020,10,18
119,58244,1008,56757,479,2020,10,19
182,58426,829,57117,480,2020,10,20
116,58542,686,57373,483,2020,10,21
126,58668,575,57610,483,2020,10,22
122,58790,495,57812,483,2020,10,23
98,58888,405,58000,483,2020,10,24
96,58984,340,58160,484,2020,10,25
98,59082,232,58365,485,2020,10,26
76,59158,262,58411,485,2020,10,27
76,59234,288,58461,485,2020,10,28
96,59330,289,58555,486,2020,10,29
80,59410,255,58669,486,2020,10,30
86,59496,220,58790,486,2020,10,31
96,59592,135,58971,486,2020,11,01
93,59685,115,59084,486,2020,11,02
93,59778,191,59100,487,2020,11,03
94,59872,270,59115,487,2020,11,04
130,60002,288,59227,487,2020,11,05
121,60123,392,59244,487,2020,11,06
153,60276,532,59257,487,2020,11,07
88,60364,606,59270,488,2020,11,08
76,60440,671,59281,488,2020,11,09
79,60519,730,59301,488,2020,11,10
89,60608,790,59329,489,2020,11,11
91,60699,862,59348,489,2020,11,12
93,60792,940,59362,490,2020,11,13
62,60854,981,59383,490,2020,11,14
30,60884,996,59398,490,2020,11,15
14,60898,999,59408,491,2020,11,16
32,60930,987,59452,491,2020,11,17
38,60968,1008,59469,491,2020,11,18
40,61008,1015,59501,492,2020,11,19
47,61055,1023,59539,493,2020,11,20
60,61115,1023,59599,493,2020,11,21
26,61141,973,59675,493,2020,11,22
30,61171,906,59771,494,2020,11,23
50,61221,885,59841,495,2020,11,24
51,61272,851,59926,495,2020,11,25
41,61313,830,59988,495,2020,11,26
29,61342,746,60101,495,2020,11,27
24,61366,701,60170,495,2020,11,28
39,61405,728,60182,495,2020,11,29
19,61424,714,60215,495,2020,11,30
39,61463,714,60254,495,2020,12,01
34,61497,713,60288,496,2020,12,02
34,61531,702,60332,497,2020,12,03
23,61554,675,60381,498,2020,12,04
32,61586,643,60445,498,2020,12,05
24,61610,647,60464,499,2020,12,06
25,61635,642,60494,499,2020,12,07
35,61670,642,60528,500,2020,12,08
29,61699,639,60559,501,2020,12,09
24,61723,631,60591,501,2020,12,10
13,61736,619,60616,501,2020,12,11
17,61753,611,60641,501,2020,12,12
29,61782,600,60681,501,2020,12,13
27,61809,619,60687,503,2020,12,14
22,61831,604,60723,504,2020,12,15
17,61848,576,60768,504,2020,12,16
21,61869,571,60794,504,2020,12,17
26,61895,576,60815,504,2020,12,18
16,61911,570,60837,504,2020,12,19
24,61935,576,60854,505,2020,12,20
9,61944,569,60870,505,2020,12,21
16,61960,555,60900,505,2020,12,22
15,61975,535,60935,505,2020,12,23
28,62003,536,60962,505,2020,12,24
24,62027,540,60982,505,2020,12,25
16,62043,541,60997,505,2020,12,26
11,62054,524,61025,505,2020,12,27
7,62061,510,61046,505,2020,12,28
6,62067,486,61076,505,2020,12,29
9,62076,472,61099,505,2020,12,30
18,62094,489,61100,505,2020,12,31
12,62106,471,61130,505,2021,01,01
4,62110,460,61145,505,2021,01,02
6,62116,438,61173,505,2021,01,03
8,62124,437,61181,506,2021,01,04
17,62141,448,61187,506,2021,01,05
16,62157,447,61204,506,2021,01,06
24,62181,443,61232,506,2021,01,07
23,62204,444,61254,506,2021,01,08
11,62215,451,61258,506,2021,01,09
7,62222,441,61275,506,2021,01,10
9,62231,437,61288,506,2021,01,11
6,62237,430,61301,506,2021,01,12
2,62239,422,61311,506,2021,01,13
8,62247,397,61344,506,2021,01,14
1,62248,351,61391,506,2021,01,15
10,62258,278,61474,506,2021,01,16
3,62261,198,61557,506,2021,01,17
1,62262,151,61605,506,2021,01,18
3,62265,141,61618,506,2021,01,19
4,62269,131,61632,506,2021,01,20
5,62274,121,61647,506,2021,01,21
6,62280,97,61677,506,2021,01,22
1,62281,88,61687,506,2021,01,23
8,62289,93,61690,506,2021,01,24
2,62291,94,61691,506,2021,01,25
3,62294,92,61696,506,2021,01,26
4,62298,75,61717,506,2021,01,27
6,62304,73,61725,506,2021,01,28
8,62312,67,61739,506,2021,01,29
8,62320,67,61747,506,2021,01,30
5,62325,72,61747,506,2021,01,31
8,62333,74,61753,506,2021,02,01
2,62335,73,61756,506,2021,02,02
7,62342,75,61761,506,2021,02,03
3,62345,75,61764,506,2021,02,04
7,62352,62,61784,506,2021,02,05
3,62355,64,61785,506,2021,02,06
8,62363,68,61789,506,2021,02,07
6,62369,72,61791,506,2021,02,08
0,62369,70,61793,506,2021,02,09
5,62374,67,61800,507,2021,02,10
6,62380,65,61808,507,2021,02,11
7,62387,64,61816,507,2021,02,12
5,62392,62,61823,507,2021,02,13
6,62398,61,61830,507,2021,02,14
4,62402,57,61838,507,2021,02,15
3,62405,55,61843,507,2021,02,16
3,62408,54,61847,507,2021,02,17
4,62412,55,61850,507,2021,02,18
12,62424,63,61854,507,2021,02,19
3,62427,62,61858,507,2021,02,20
7,62434,61,61866,507,2021,02,21
6,62440,62,61871,507,2021,02,22
6,62446,66,61873,507,2021,02,23
5,62451,66,61878,507,2021,02,24
6,62457,66,61884,507,2021,02,25
9,62466,65,61894,507,2021,02,26
4,62470,63,61900,507,2021,02,27
9,62479,67,61905,507,2021,02,28
4,62483,67,61909,507,2021,03,01
3,62486,68,61911,507,2021,03,02
5,62491,69,61915,507,2021,03,03
6,62497,71,61919,507,2021,03,04
6,62503,60,61936,507,2021,03,05
0,62503,60,61936,507,2021,03,06
4,62507,60,61940,507,2021,03,07
2,62509,49,61952,508,2021,03,08
4,62513,46,61959,508,2021,03,09
9,62522,49,61965,508,2021,03,10
3,62525,48,61969,508,2021,03,11
3,62528,44,61976,508,2021,03,12
5,62533,43,61982,508,2021,03,13
3,62536,39,61988,509,2021,03,14
9,62545,45,61991,509,2021,03,15
11,62556,53,61994,509,2021,03,16
5,62561,54,61998,509,2021,03,17
5,62566,53,62004,509,2021,03,18
7,62573,59,62005,509,2021,03,19
21,62594,76,62009,509,2021,03,20
20,62614,92,62013,509,2021,03,21
13,62627,96,62022,509,2021,03,22
22,62649,113,62027,509,2021,03,23
23,62672,127,62036,509,2021,03,24
33,62705,155,62041,509,2021,03,25
89,62794,228,62057,509,2021,03,26
43,62837,266,62062,509,2021,03,27
84,62921,332,62080,509,2021,03,28
84,63005,401,62094,510,2021,03,29
35,63040,422,62108,510,2021,03,30
78,63118,470,62137,511,2021,03,31
43,63161,503,62147,511,2021,04,01
118,63279,596,62172,511,2021,04,02
163,63442,732,62197,513,2021,04,03
164,63606,857,62235,514,2021,04,04
171,63777,924,62339,514,2021,04,05
231,64008,1106,62388,514,2021,04,06
186,64194,1215,62464,515,2021,04,07
204,64398,1349,62533,516,2021,04,08
292,64690,1592,62580,518,2021,04,09
133,64823,1612,62691,520,2021,04,10
190,65013,1740,62752,521,2021,04,11
245,65258,1848,62887,523,2021,04,12
268,65526,1939,63062,525,2021,04,13
276,65802,2044,63229,529,2021,04,14