83,1506,647,859,0,2020,06,20
34,1540,639,901,0,2020,06,21
44,1584,638,946,0,2020,06,22
40,1624,653,971,0,2020,06,23
37,1661,673,988,0,2020,06,24
69,1730,652,1078,0,2020,06,25
34,1764,672,1092,0,2020,06,26
51,1815,704,1111,0,2020,06,27
50,1865,734,1131,0,2020,06,28
81,1946,798,1148,0,2020,06,29
51,1997,830,1167,0,2020,06,30
39,2036,736,1300,0,2020,07,01
29,2065,741,1324,0,2020,07,02
46,2111,765,1346,0,2020,07,03
32,2143,757,1386,0,2020,07,04
36,2179,775,1404,0,2020,07,05
56,2235,802,1433,0,2020,07,06
22,2257,786,1471,0,2020,07,07
9,2266,779,1487,0,2020,07,08
53,2319,712,1607,0,2020,07,09
32,2351,686,1665,0,2020,07,10
34,2385,690,1695,0,2020,07,11
18,2403,559,1844,0,2020,07,12
13,2416,550,1866,0,2020,07,13
8,2424,510,1914,0,2020,07,14
20,2444,427,2017,0,2020,07,15
9,2453,407,2046,0,2020,07,16
8,2461,356,2105,0,2020,07,17
0,2461,311,2150,0,2020,07,18
0,2461,290,2171,0,2020,07,19
0,2461,287,2174,0,2020,07,20
0,2461,202,2259,0,2020,07,21
0,2461,149,2312,0,2020,07,22
0,2461,149,2312,0,2020,07,23
0,2461,149,2312,0,2020,07,24
0,2461,44,2417,0,2020,07,25
0,2461,39,2422,0,2020,07,26
0,2461,16,2445,0,2020,07,27
0,2461,16,2445,0,2020,07,28
0,2461,16,2445,0,2020,07,29
0,2461,16,2445,0,2020,07,30
0,2461,0,2461,0,2020,07,31
0,2461,0,2461,0,2020,08,01
0,2461,0,2461,0,2020,08,02
0,2461,0,2461,0,2020,08,03
0,2461,0,2461,0,2020,08,04
0,2461,0,2461,0,2020,08,05
0,2461,0,2461,0,2020,08,07
0,2461,0,2461,0,2020,08,08
0,2461,0,2461,0,2020,08,09
0,2461,0,2461,0,2020,08,10
0,2461,0,2461,0,2020,08,11
0,2461,0,2461,0,2020,08,12
0,2461,0,2461,0,2020,08,13
0,2461,0,2461,0,2020,08,14
0,2461,0,2461,0,2020,08,15
0,2461,0,2461,0,2020,08,16
0,2461,0,2461,0,2020,08,17
0,2461,0,2461,0,2020,08,18
0,2461,0,2461,0,2020,08,19
0,2461,0,2461,0,2020,08,20
0,2461,0,2461,0,2020,08,21
0,2461,0,2461,0,2020,08,22
0,2461,0,2461,0,2020,08,23
0,2461,0,2461,0,2020,08,24
0,2461,0,2461,0,2020,08,25
0,2461,0,2461,0,2020,08,26
0,2461,0,2461,0,2020,08,27
0,2461,0,2461,0,2020,08,28
0,2461,0,2461,0,2020,08,29
0,2461,0,2461,0,2020,08,30
0,2461,0,2461,0,2020,08,31
0,2461,0,2461,0,2020,09,01
0,2461,0,2461,0,2020,09,02
0,2461,0,2461,0,2020,09,03
0,2461,0,2461,0,2020,09,04
0,2461,0,2461,0,2020,09,05
0,2461,0,2461,0,2020,09,06
0,2461,0,2461,0,2020,09,07
0,2461,0,2461,0,2020,09,08
0,2461,0,2461,0,2020,09,09
0,2461,0,2461,0,2020,09,10
0,2461,0,2461,0,2020,09,11
0,2461,0,2461,0,2020,09,12
0,2461,0,2461,0,2020,09,13
0,2461,0,2461,0,2020,09,14
0,2461,0,2461,0,2020,09,15
0,2461,0,2461,0,2020,09,16
0,2461,0,2461,0,2020,09,17
0,2461,0,2461,0,2020,09,18
0,2461,0,2461,0,2020,09,19
0,2461,0,2461,0,2020,09,20
0,2461,0,2461,0,2020,09,21
0,2461,0,2461,0,2020,09,22
0,2461,0,2461,0,2020,09,23
0,2461,0,2461,0,2020,09,24
0,2461,0,2461,0,2020,09,25
0,2461,0,2461,0,2020,09,26
0,2461,0,2461,0,2020,09,27
0,2461,0,2461,0,2020,09,28
0,2461,0,2461,0,2020,09,29
0,2461,0,2461,0,2020,09,30
0,2461,0,2461,0,2020,10,01
0,2461,0,2461,0,2020,10,02
0,2461,0,2461,0,2020,10,03
0,2461,0,2461,0,2020,10,04
0,2461,0,2461,0,2020,10,05
0,2461,0,2461,0,2020,10,06
0,2461,0,2461,0,2020,10,07
0,2461,0,2461,0,2020,10,08
0,2461,0,2461,0,2020,10,09
0,2461,0,2461,0,2020,10,10
0,2461,0,2461,0,2020,10,11
0,2461,0,2461,0,2020,10,12
0,2461,0,2461,0,2020,10,13
0,2461,0,2461,0,2020,10,14
0,2461,0,2461,0,2020,10,15
0,2461,0,2461,0,2020,10,16
0,2461,0,2461,0,2020,10,17
0,2461,0,2461,0,2020,10,18
0,2461,0,2461,0,2020,10,19
0,2461,0,2461,0,2020,10,20
0,2461,0,2461,0,2020,10,21
0,2461,0,2461,0,2020,10,22
0,2461,0,2461,0,2020,10,23
0,2461,0,2461,0,2020,10,24
0,2461,0,2461,0,2020,10,25
0,2461,0,2461,0,2020,10,26
0,2461,0,2461,0,2020,10,27
0,2461,0,2461,0,2020,10,28
0,2461,0,2461,0,2020,10,29
0,2461,0,2461,0,2020,10,30
0,2461,0,2461,0,2020,10,31
0,2461,0,2461,0,2020,11,01
0,2461,0,2461,0,2020,11,02
0,2461,0,2461,0,2020,11,03
0,2461,0,2461,0,2020,11,04
0,2461,0,2461,0,2020,11,05
0,2461,0,2461,0,2020,11,06
0,2461,0,2461,0,2020,11,07
0,2461,0,2461,0,2020,11,08
0,2461,0,2461,0,2020,11,09
0,2461,0,2461,0,2020,11,10
0,2461,0,2461,0,2020,11,11
0,2461,0,2461,0,2020,11,12
0,2461,0,2461,0,2020,11,13
0,2461,0,2461,0,2020,11,14
0,2461,0,2461,0,2020,11,15
0,2461,0,2461,0,2020,11,16
0,2461,0,2461,0,2020,11,17
0,2461,0,2461,0,2020,11,18
0,2461,0,2461,0,2020,11,19
0,2461,0,2461,0,2020,11,20
0,2461,0,2461,0,2020,11,21
0,2461,0,2461,0,2020,11,22
0,2461,0,2461,0,2020,11,23
0,2461,0,2461,0,2020,11,24
0,2461,0,2461,0,2020,11,25
0,2461,0,2461,0,2020,11,26
0,2461,0,2461,0,2020,11,27
0,2461,0,2461,0,2020,11,28
0,2461,0,2461,0,2020,11,29
0,2461,0,2461,0,2020,11,30
0,2461,0,2461,0,2020,12,01
0,2461,0,2461,0,2020,12,02
0,2461,0,2461,0,2020,12,03
0,2461,0,2461,0,2020,12,04
0,2461,0,2461,0,2020,12,05
0,2461,0,2461,0,2020,12,06
0,2461,0,2461,0,2020,12,07
0,2461,0,2461,0,2020,12,08
0,2461,0,2461,0,2020,12,09
0,2461,0,2461,0,2020,12,10
0,2461,0,2461,0,2020,12,11
0,2461,0,2461,0,2020,12,12
0,2461,0,2461,0,2020,12,13
0,2461,0,2461,0,2020,12,14
0,2461,0,2461,0,2020,12,15
0,2461,0,2461,0,2020,12,16
0,2461,0,2461,0,2020,12,17
0,2461,0,2461,0,2020,12,18
0,2461,0,2461,0,2020,12,19
0,2461,0,2461,0,2020,12,20
0,2461,0,2461,0,2020,12,21
0,2461,0,2461,0,2020,12,22
0,2461,0,2461,0,2020,12,23
0,2461,0,2461,0,2020,12,24
0,2461,0,2461,0,2020,12,25
0,2461,0,2461,0,2020,12,26
0,2461,0,2461,0,2020,12,27
0,2461,0,2461,0,2020,12,28
0,2461,0,2461,0,2020,12,29
0,2461,0,2461,0,2020,12,30
0,2461,0,2461,0,2020,12,31
0,2461,0,2461,0,2021,01,01
0,2461,0,2461,0,2021,01,02
0,2461,0,2461,0,2021,01,03
0,2461,0,2461,0,2021,01,04
0,2461,0,2461,0,2021,01,05
0,2461,0,2461,0,2021,01,06
0,2461,0,2461,0,2021,01,07
0,2461,0,2461,0,2021,01,08
0,2461,0,2461,0,2021,01,09
0,2461,0,2461,0,2021,01,10
0,2461,0,2461,0,2021,01,11
0,2461,0,2461,0,2021,01,12
0,2461,0,2461,0,2021,01,13
0,2461,0,2461,0,2021,01,14
0,2461,0,2461,0,2021,01,15
0,2461,0,2461,0,2021,01,16
0,2461,0,2461,0,2021,01,17
0,2461,0,2461,0,2021,01,18
0,2461,0,2461,0,2021,01,19
0,2461,0,2461,0,2021,01,20
0,2461,0,2461,0,2021,01,21
0,2461,0,2461,0,2021,01,22
0,2461,0,2461,0,2021,01,23
0,2461,0,2461,0,2021,01,24
0,2461,0,2461,0,2021,01,25
0,2461,0,2461,0,2021,01,26
0,2461,0,2461,0,2021,01,27
0,2461,0,2461,0,2021,01,28
0,2461,0,2461,0,2021,01,29
0,2461,0,2461,0,2021,01,30
0,2461,0,2461,0,2021,01,31
0,2461,0,2461,0,2021,02,01
0,2461,0,2461,0,2021,02,02
0,2461,0,2461,0,2021,02,03
0,2461,0,2461,0,2021,02,04
0,2461,0,2461,0,2021,02,05
0,2461,0,2461,0,2021,02,06
0,2461,0,2461,0,2021,02,07
0,2461,0,2461,0,2021,02,08
0,2461,0,2461,0,2021,02,09
0,2461,0,2461,0,2021,02,10
0,2461,0,2461,0,2021,02,11
0,2461,0,2461,0,2021,02,12
0,2461,0,2461,0,2021,02,13
0,2461,0,2461,0,2021,02,14
0,2461,0,2461,0,2021,02,15
0,2461,0,2461,0,2021,02,16
0,2461,0,2461,0,2021,02,17
0,2461,0,2461,0,2021,02,18
0,2461,0,2461,0,2021,02,19
0,2461,0,2461,0,2021,02,20
0,2461,0,2461,0,2021,02,21
0,2461,0,2461,0,2021,02,22
0,2461,0,2461,0,2021,02,23
0,2461,0,2461,0,2021,02,24
0,2461,0,2461,0,2021,02,25
0,2461,0,2461,0,2021,02,26
0,2461,0,2461,0,2021,02,27
0,2461,0,2461,0,2021,02,28
0,2461,0,2461,0,2021,03,01
0,2461,0,2461,0,2021,03,02
0,2461,0,2461,0,2021,03,03
0,2461,0,2461,0,2021,03,04
0,2461,0,2461,0,2021,03,05
0,2461,0,2461,0,2021,03,06
0,2461,0,2461,0,2021,03,07
0,2461,0,2461,0,2021,03,08
0,2461,0,2461,0,2021,03,09
0,2461,0,2461,0,2021,03,10
0,2461,0,2461,0,2021,03,11
0,2461,0,2461,0,2021,03,12
0,2461,0,2461,0,2021,03,13
0,2461,0,2461,0,2021,03,14
0,2461,0,2461,0,2021,03,15
0,2461,0,2461,0,2021,03,16
0,2461,0,2461,0,2021,03,17
0,2461,0,2461,0,2021,03,18
0,2461,0,2461,0,2021,03,19
0,2461,0,2461,0,2021,03,20
0,2461,0,2461,0,2021,03,21
0,2461,0,2461,0,2021,03,22
0,2461,0,2461,0,2021,03,23
0,2461,0,2461,0,2021,03,24
0,2461,0,2461,0,2021,03,25
0,2461,0,2461,0,2021,03,26
0,2461,0,2461,0,2021,03,27
0,2461,0,2461,0,2021,03,28
0,2461,0,2461,0,2021,03,29
0,2461,0,2461,0,2021,03,30
0,2461,0,2461,0,2021,03,31
0,2461,0,2461,0,2021,04,01
0,2461,0,2461,0,2021,04,02
0,2461,0,2461,0,2021,04,03
0,2461,0,2461,0,2021,04,04
0,2461,0,2461,0,2021,04,05
0,2461,0,2461,0,2021,04,06
0,2461,0,2461,0,2021,04,07
0,2461,0,2461,0,2021,04,08
0,2461,0,2461,0,2021,04,09
0,2461,0,2461,0,2021,04,10
0,2461,0,2461,0,2021,04,11
0,2461,0,2461,0,2021,04,12
0,2461,0,2461,0,2021,04,13