# mmdd,TotalPositive,Active,Discharged,Deceased
# numbers taken are from the last report of the day
0,3,3,0,0,2020,03,24
0,3,3,0,0,2020,03,25
0,3,3,0,0,2020,03,26
0,3,3,0,0,2020,03,27
1,4,4,0,0,2020,03,28
0,4,4,0,0,2020,03,29
2,6,6,0,0,2020,03,30
0,6,5,1,0,2020,03,31
5,11,10,1,0,2020,04,01
0,11,10,1,0,2020,04,02
3,14,13,1,0,2020,04,03
1,15,15,0,0,2020,04,04
0,15,15,0,0,2020,04,05
5,20,19,1,0,2020,04,06
0,20,19,1,0,2020,04,07
0,20,16,4,0,2020,04,08
0,20,16,4,0,2020,04,09
0,20,16,4,0,2020,04,10
0,20,16,4,0,2020,04,11
0,20,16,4,0,2020,04,12
0,20,16,4,0,2020,04,13
0,20,14,6,0,2020,04,14
0,20,10,10,0,2020,04,15
0,20,10,10,0,2020,04,16
0,20,10,10,0,2020,04,17
0,20,7,13,0,2020,04,18
1,21,5,16,0,2020,04,19
0,21,3,18,0,2020,04,20
0,21,3,18,0,2020,04,21
0,21,2,19,0,2020,04,22
1,22,3,19,0,2020,04,23
0,22,3,19,0,2020,04,24
0,22,3,19,0,2020,04,25
0,22,3,19,0,2020,04,26
0,22,3,19,0,2020,04,27
0,22,3,19,0,2020,04,28
1,23,4,19,0,2020,04,29
0,23,3,20,0,2020,04,30
2,25,5,20,0,2020,05,01
4,29,9,20,0,2020,05,02
0,29,9,20,0,2020,05,03
6,35,15,20,0,2020,05,04
2,37,16,21,0,2020,05,05
2,39,18,21,0,2020,05,06
7,46,24,22,0,2020,05,07
11,57,33,23,1,2020,05,08
5,62,38,23,1,2020,05,09
1,63,37,25,1,2020,05,10
3,66,40,25,1,2020,05,11
0,66,40,25,1,2020,05,12
0,66,40,25,1,2020,05,13
0,66,40,25,1,2020,05,14
2,68,42,25,1,2020,05,15
4,72,45,26,1,2020,05,16
3,75,41,33,1,2020,05,17
1,76,38,37,1,2020,05,18
15,261,109,151,1,2020,06,20
39,300,126,173,1,2020,06,21
5,305,125,178,2,2020,06,22
21,326,146,178,2,2020,06,23
41,367,179,186,2,2020,06,24
40,407,219,186,2,2020,06,25
20,427,201,223,3,2020,06,26
34,461,231,227,3,2020,06,27
44,505,271,231,3,2020,06,28
11,516,263,250,3,2020,06,29
26,542,285,254,3,2020,06,30
21,563,249,311,3,2020,07,01
7,570,254,313,3,2020,07,02
54,624,305,316,3,2020,07,03
9,633,269,359,5,2020,07,04
88,721,337,378,6,2020,07,05
101,822,399,416,7,2020,07,06
123,945,516,420,9,2020,07,07
38,983,490,483,10,2020,07,08
208,1191,634,547,10,2020,07,09
86,1277,629,637,11,2020,07,10
51,1328,525,791,12,2020,07,11
49,1377,571,791,15,2020,07,12
84,1461,593,852,16,2020,07,13
28,1489,552,919,18,2020,07,14
123,1612,622,968,22,2020,07,15
81,1693,587,1081,25,2020,07,16
23,1716,513,1175,28,2020,07,17
116,1832,518,1284,30,2020,07,18
266,2098,678,1383,37,2020,07,19
102,2200,687,1471,42,2020,07,20
230,2430,822,1557,51,2020,07,21
1049,3479,1868,1557,54,2020,07,22
684,4163,2547,1557,59,2020,07,23
898,5061,3442,1557,62,2020,07,24
936,5997,4375,1557,65,2020,07,25
784,6781,5065,1643,73,2020,07,26
655,7436,5629,1726,81,2020,07,27
282,7718,5776,1852,90,2020,07,28
841,8559,6360,2107,92,2020,07,29
1223,9782,7351,2331,100,2020,07,30
983,10765,8074,2586,105,2020,07,31
1155,11920,8698,3109,113,2020,08,01
1227,13147,9456,3571,120,2020,08,02
1049,14196,10124,3943,129,2020,08,03
863,15059,9870,5058,131,2020,08,04
842,15901,9680,6078,143,2020,08,05
852,17534,9080,8302,152,2020,08,07
998,18532,8694,9681,157,2020,08,08
961,19493,8438,10892,163,2020,08,09
620,20113,8081,11864,168,2020,08,10
676,20789,7506,13108,175,2020,08,11
797,21586,7293,14112,181,2020,08,12
931,22517,7321,15009,187,2020,08,13
885,23402,6448,16761,193,2020,08,14
894,24296,6020,18077,199,2020,08,15
512,24808,5783,18819,206,2020,08,16
519,25327,5592,19524,211,2020,08,17
928,26255,5797,20242,216,2020,08,18
835,27090,5857,21012,221,2020,08,19
985,28075,6151,21697,227,2020,08,20
738,28813,6279,22301,233,2020,08,21
540,29353,6080,23034,239,2020,08,22
451,29804,6058,23502,244,2020,08,23
911,30715,6190,24274,251,2020,08,24
846,31561,6319,24985,257,2020,08,25
1156,32717,6600,25855,262,2020,08,26
593,33310,6482,26560,268,2020,08,27
896,34206,6823,27109,274,2020,08,28
988,35194,7168,27747,279,2020,08,29
866,36060,7177,28600,283,2020,08,30
634,36694,7327,29078,289,2020,08,31
825,37519,7158,30065,296,2020,09,01
675,38194,7099,30793,302,2020,09,02
695,38889,7084,31501,304,2020,09,03
560,39449,6714,32425,310,2020,09,04
765,40214,6629,33270,315,2020,09,05
573,40787,6503,33964,320,2020,09,06
405,41192,6281,34587,324,2020,09,07
426,41618,6165,35123,330,2020,09,08
414,42032,6103,35592,337,2020,09,09
404,42436,6023,36072,341,2020,09,10
413,42849,5901,36601,347,2020,09,11
584,43433,6037,37044,352,2020,09,12
415,43848,5946,37544,358,2020,09,13
490,44338,5925,38050,363,2020,09,14
574,44912,5979,38565,368,2020,09,15
325,45237,5840,39027,370,2020,09,16
449,45686,5788,39524,374,2020,09,17
371,46057,4347,41330,380,2020,09,18
451,46508,4410,41714,384,2020,09,19
342,46850,4328,42132,390,2020,09,20
150,47000,4206,42398,396,2020,09,21
410,47410,4222,42786,402,2020,09,22
414,47824,4185,43233,406,2020,09,23
425,48249,4130,43708,411,2020,09,24
340,48589,4095,44080,414,2020,09,25
450,49039,4129,44491,419,2020,09,26
318,49357,4134,44801,422,2020,09,27
145,49502,3997,45081,424,2020,09,28
291,49793,3915,45451,427,2020,09,29
235,50028,3756,45840,432,2020,09,30
277,50305,3704,46164,437,2020,10,01
297,50602,3603,46559,440,2020,10,02
225,50827,3421,46962,444,2020,10,03
222,51049,3237,47365,447,2020,10,04
138,51187,3072,47664,451,2020,10,05
303,51490,3069,47966,455,2020,10,06
190,51680,2913,48308,459,2020,10,07
198,51878,2814,48601,463,2020,10,08
159,52037,2760,48810,467,2020,10,09
289,52326,2724,49132,470,2020,10,10
190,52516,2694,49349,473,2020,10,11
135,52651,2523,49654,474,2020,10,12
168,52819,2220,50122,477,2020,10,13
163,52982,2051,50450,481,2020,10,14
196,53178,2009,50685,484,2020,10,15
206,53384,2044,50855,485,2020,10,16
204,53588,2083,51017,488,2020,10,17
218,53806,2091,51226,489,2020,10,18
120,53926,2062,51371,493,2020,10,19
240,54166,2187,51485,494,2020,10,20
138,54304,2177,51632,495,2020,10,21
171,54475,2172,51807,496,2020,10,22
218,54693,2206,51990,497,2020,10,23
244,54937,2238,52200,499,2020,10,24
187,55124,2220,52403,501,2020,10,25
85,55209,2150,52557,502,2020,10,26
106,55315,2076,52736,503,2020,10,27
114,55429,2048,52877,504,2020,10,28
119,55548,1974,53069,505,2020,10,29
152,55700,1986,53207,507,2020,10,30
113,55813,1923,53381,509,2020,10,31
85,55898,1844,53544,510,2020,11,01
105,56003,1794,53699,510,2020,11,02
145,56148,1755,53883,510,2020,11,03
122,56270,1684,54074,512,2020,11,04
120,56390,1647,54229,514,2020,11,05
142,56532,1713,54305,514,2020,11,06
135,56667,1700,54452,515,2020,11,07
108,56775,1652,54606,517,2020,11,08
42,56817,1583,54716,518,2020,11,09
97,56914,1568,54827,519,2020,11,10
75,56989,1528,54940,521,2020,11,11
74,57063,1523,55019,521,2020,11,12
80,57143,1493,55127,523,2020,11,13
95,57238,1466,55249,523,2020,11,14
57,57295,1439,55331,525,2020,11,15
25,57320,1402,55391,527,2020,11,16
75,57395,1354,55512,529,2020,11,17
53,57448,1305,55614,529,2020,11,18
45,57493,1284,55679,530,2020,11,19
69,57562,1282,55749,531,2020,11,20
67,57629,1257,55841,531,2020,11,21
77,57706,1253,55921,532,2020,11,22
21,57727,1191,56002,534,2020,11,23
86,57813,1164,56114,535,2020,11,24
58,57871,1085,56251,535,2020,11,25
84,57955,1046,56373,536,2020,11,26
73,58028,991,56500,537,2020,11,27
88,58116,974,56604,538,2020,11,28
36,58152,881,56731,540,2020,11,29
11,58163,788,56834,541,2020,11,30
71,58234,707,56986,541,2020,12,01
54,58288,636,57110,542,2020,12,02
73,58361,549,57269,543,2020,12,03
22,58383,493,57347,543,2020,12,04
40,58423,421,57459,543,2020,12,05
15,58438,362,57532,544,2020,12,06
12,58450,329,57576,545,2020,12,07
36,58486,290,57651,545,2020,12,08
44,58530,272,57713,545,2020,12,09
31,58561,245,57771,545,2020,12,10
34,58595,256,57793,546,2020,12,11
18,58613,244,57822,547,2020,12,12
23,58636,216,57873,547,2020,12,13
19,58655,199,57909,547,2020,12,14
20,58675,198,57930,547,2020,12,15
44,58719,204,57966,549,2020,12,16
31,58750,212,57989,549,2020,12,17
28,58778,212,58017,549,2020,12,18
47,58825,243,58033,549,2020,12,19
40,58865,253,58063,549,2020,12,20
20,58885,250,58086,549,2020,12,21
35,58920,257,58114,549,2020,12,22
32,58952,269,58134,549,2020,12,23
28,58980,268,58163,549,2020,12,24
28,59008,266,58193,549,2020,12,25
18,59026,264,58213,549,2020,12,26
28,59054,263,58242,549,2020,12,27
13,59067,253,58264,550,2020,12,28
41,59108,251,58307,550,2020,12,29
26,59134,250,58334,550,2020,12,30
34,59168,244,58373,551,2020,12,31
39,59207,243,58413,551,2021,01,01
21,59228,238,58439,551,2021,01,02
20,59248,226,58470,552,2021,01,03
10,59258,223,58483,552,2021,01,04
41,59299,229,58517,553,2021,01,05
40,59339,217,58568,554,2021,01,06
22,59361,217,58590,554,2021,01,07
25,59386,216,58616,554,2021,01,08
21,59407,213,58640,554,2021,01,09
19,59426,209,58662,555,2021,01,10
13,59439,191,58692,556,2021,01,11
15,59454,186,58712,556,2021,01,12
22,59476,186,58734,556,2021,01,13
9,59485,184,58744,557,2021,01,14
12,59497,171,58769,557,2021,01,15
22,59519,167,58795,557,2021,01,16
7,59526,155,58813,558,2021,01,17
7,59533,146,58828,559,2021,01,18
18,59551,138,58854,559,2021,01,19
27,59578,137,58882,559,2021,01,20
7,59585,133,58893,559,2021,01,21
17,59602,129,58913,560,2021,01,22
18,59620,128,58931,561,2021,01,23
22,59642,129,58952,561,2021,01,24
8,59650,126,58963,561,2021,01,25
34,59684,131,58992,561,2021,01,26
11,59695,130,59004,561,2021,01,27
19,59714,128,59025,561,2021,01,28
19,59733,127,59045,561,2021,01,29
17,59750,123,59066,561,2021,01,30
13,59763,122,59080,561,2021,01,31
10,59773,115,59097,561,2021,02,01
27,59800,124,59115,561,2021,02,02
16,59816,120,59134,562,2021,02,03
13,59829,114,59153,562,2021,02,04
10,59839,97,59180,562,2021,02,05
10,59849,93,59193,563,2021,02,06
8,59857,81,59213,563,2021,02,07
5,59862,67,59231,564,2021,02,08
10,59872,61,59247,564,2021,02,09
8,59880,57,59259,564,2021,02,10
18,59898,60,59274,564,2021,02,11
15,59913,50,59299,564,2021,02,12
9,59922,46,59312,564,2021,02,13
2,59924,36,59324,564,2021,02,14
2,59926,28,59334,564,2021,02,15
7,59933,25,59344,564,2021,02,16
8,59941,27,59350,564,2021,02,17
10,59951,29,59357,565,2021,02,18
5,59956,23,59367,566,2021,02,19
3,59959,21,59372,566,2021,02,20
11,59970,16,59388,566,2021,02,21
2,59972,15,59391,566,2021,02,22
9,59981,20,59394,567,2021,02,23
15,59996,29,59400,567,2021,02,24
7,60003,28,59408,567,2021,02,25
5,60008,27,59414,567,2021,02,26
14,60022,34,59421,567,2021,02,27
6,60028,27,59434,567,2021,02,28
1,60029,24,59438,567,2021,03,01
8,60037,30,59440,567,2021,03,02
23,60060,42,59451,567,2021,03,03
22,60082,59,59456,567,2021,03,04
13,60095,63,59465,567,2021,03,05
18,60113,66,59480,567,2021,03,06
12,60125,73,59485,567,2021,03,07
2,60127,72,59488,567,2021,03,08
15,60142,69,59506,567,2021,03,09
17,60159,79,59513,567,2021,03,10
23,60182,94,59521,567,2021,03,11
16,60198,98,59533,567,2021,03,12
20,60218,94,59557,567,2021,03,13
32,60250,102,59580,568,2021,03,14
7,60257,99,59590,568,2021,03,15
39,60296,120,59608,568,2021,03,16
27,60323,137,59618,568,2021,03,17
13,60336,142,59626,568,2021,03,18
23,60359,150,59641,568,2021,03,19
43,60402,174,59660,568,2021,03,20
39,60441,191,59682,568,2021,03,21
43,60484,219,59697,568,2021,03,22
46,60530,245,59716,569,2021,03,23
81,60611,293,59748,570,2021,03,24
98,60709,383,59755,571,2021,03,25
170,60879,504,59803,572,2021,03,26
156,61035,623,59840,572,2021,03,27
167,61202,770,59860,572,2021,03,28
139,61341,872,59896,573,2021,03,29
169,61510,959,59977,574,2021,03,30
186,61696,1091,60031,574,2021,03,31
189,61885,1244,60066,575,2021,04,01
191,62076,1355,60145,576,2021,04,02
198,62274,1444,60253,577,2021,04,03
235,62509,1583,60348,578,2021,04,04
222,62731,1629,60524,578,2021,04,05
258,62989,1716,60693,580,2021,04,06
298,63287,1844,60862,581,2021,04,07
290,63577,2024,60971,582,2021,04,08
335,63912,2185,61143,584,2021,04,09
391,64303,2382,61335,586,2021,04,10
405,64708,2585,61537,586,2021,04,11

454,65162,2838,61737,587,2021,04,12
414,65576,3043,61945,588,2021,04,13